free_thresh: 0.196
image: newbot2_unrotated.pgm
negate: 0
occupied_thresh: 0.65
origin: [-1.633919341743927, -5.393475868236518, 0.0]
resolution: 0.02
